N: 64, 179, 232, 258, 223, 220, 165, 125, 124, 102, 88, 58, 91, 64, 38, 32, 35, 30, 26, 24, 0
P: 0.05-0.1,  0.1-0.2, ...

N: 242, 265, 161, 91, 65, 50, 39, 33, 35, 20, 24, 14, 12, 10, 9, 11, 6, 7, 13, 5
P_dot e-15: 1 -2, 2 - 4, 4 - 6, 6 - 8, ...

P: 0.03 - 0.5:
P_dot: e-15: 1-2, 2-3, ...
N: 84, 62, 32, 29, 28, 20, 10, 13, 8, 14, 9, 8, 9, 3, 9, 9, 5, 1, 4
P_dot e-15 >1, >2, ...
N: 509, 425, 363, 331, 302, 274, 254, 244, 231, 223, 209, 200, 192, 183, 180, 171, 162
P_dot e-15 >1, >20, >40, ...
509, 152, 101, 74, 62, 47, 41, 33, 28, 27, 24